Min Seam: 43225.2324024375972099
[499, 248, 46.53828355372164]
[498, 249, 83.1800661436976]
[497, 249, 45.737520203246284]
[496, 248, 235.63070943907843]
[495, 249, 61.18912046441311]
[494, 250, 16.216041165037886]
[493, 251, 173.31185839413337]
[492, 252, 174.1975781286656]
[491, 252, 57.13953074882161]
[490, 253, 67.62652666263247]
[489, 254, 44.63166447824857]
[488, 253, 71.23290284514844]
[487, 254, 29.48703596856411]
[486, 255, 1.5777238681330963]
[485, 256, 52.829682149841126]
[484, 255, 18.231877770818585]
[483, 254, 90.93914924790009]
[482, 254, 242.63803793142873]
[481, 253, 35.51628181525862]
[480, 253, 83.14370879281446]
[479, 253, 86.59962287576911]
[478, 254, 7.158992132298425]
[477, 253, 64.83467844779744]
[476, 252, 1.2036589771974304]
[475, 252, 9.395166111843379]
[474, 253, 113.24019950820635]
[473, 254, 36.69936085018916]
[472, 255, 154.00676200440432]
[471, 255, 28.773141222189714]
[470, 256, 208.7416643392142]
[469, 255, 19.32445533822108]
[468, 255, 212.79466577896488]
[467, 256, 9.453823932688065]
[466, 257, 33.15507954179142]
[465, 258, 12.065028309282022]
[464, 258, 110.86627844609953]
[463, 257, 31.819582592955143]
[462, 257, 5.792440285754708]
[461, 257, 91.96925732143075]
[460, 258, 14.04179429940794]
[459, 258, 182.66009869710325]
[458, 258, 125.493987229075]
[457, 259, 38.37941867440547]
[456, 259, 153.36545528553137]
[455, 258, 91.60923515526432]
[454, 257, 44.08654720130922]
[453, 257, 60.04241464145898]
[452, 256, 144.73517841522033]
[451, 256, 247.48610705256374]
[450, 256, 3.8304279323399526]
[449, 256, 24.9576307713672]
[448, 257, 15.558922322516878]
[447, 257, 281.1840011340265]
[446, 258, 34.9870007990935]
[445, 258, 4.8969137392138595]
[444, 258, 144.1013761125276]
[443, 259, 64.65375450536615]
[442, 259, 102.78067750071813]
[441, 258, 87.57089657713063]
[440, 257, 93.82363003834982]
[439, 257, 46.300939623793056]
[438, 258, 3.131836207603933]
[437, 257, 65.24658065333666]
[436, 258, 30.495663448417755]
[435, 257, 74.8964011693778]
[434, 256, 121.45997545830062]
[433, 257, 106.61137296196117]
[432, 256, 38.617925308202075]
[431, 257, 14.260946579878308]
[430, 256, 100.97286479067652]
[429, 255, 90.49259461832965]
[428, 256, 86.03933133527359]
[427, 256, 7.65866970677137]
[426, 257, 160.54000266585666]
[425, 256, 20.12861001346944]
[424, 255, 17.23270480941369]
[423, 256, 75.00688957575512]
[422, 256, 78.39572311647197]
[421, 255, 52.58372095986591]
[420, 256, 146.8298335653932]
[419, 256, 167.4448675638489]
[418, 255, 206.15951000829412]
[417, 254, 103.00490190860239]
[416, 253, 150.14595319248008]
[415, 254, 122.00616155940864]
[414, 253, 7.855938538213425]
[413, 254, 95.09474380658278]
[412, 253, 29.591787159372828]
[411, 252, 75.4208776685803]
[410, 252, 174.82593135996288]
[409, 252, 68.39903410780079]
[408, 252, 157.24769882115186]
[407, 251, 51.538232035460815]
[406, 251, 211.199427133036]
[405, 252, 76.06558926081946]
[404, 252, 86.22247560098673]
[403, 253, 25.066085015549522]
[402, 253, 133.92655781475443]
[401, 254, 65.89540249132453]
[400, 253, 29.983367593927003]
[399, 252, 209.5967781514137]
[398, 253, 145.78002212417894]
[397, 254, 82.42373838980771]
[396, 255, 102.896010788887]
[395, 255, 97.25244163606966]
[394, 254, 25.00372219329694]
[393, 255, 46.619684431611354]
[392, 254, 21.07452010909605]
[391, 255, 90.7785111199338]
[390, 255, 55.03510857052013]
[389, 255, 94.20104971277577]
[388, 254, 84.95425365790238]
[387, 255, 163.3877127020416]
[386, 256, 6.232688595125769]
[385, 256, 44.34249491054171]
[384, 257, 33.38125238548895]
[383, 257, 30.724344612378495]
[382, 257, 165.99296682491288]
[381, 257, 27.237539692658075]
[380, 257, 136.35981893192118]
[379, 258, 34.34181295484001]
[378, 258, 138.9354367396468]
[377, 258, 49.30715043822242]
[376, 258, 9.11065212458756]
[375, 257, 80.82172162477369]
[374, 257, 162.95678449431222]
[373, 258, 154.94956286188244]
[372, 258, 230.7555520608185]
[371, 258, 9.784938374552743]
[370, 257, 258.2995914609466]
[369, 258, 85.1722652121717]
[368, 257, 161.6610809429686]
[367, 256, 69.60585010945486]
[366, 256, 30.73046563529136]
[365, 255, 186.66481104038579]
[364, 254, 158.5037403676049]
[363, 254, 96.15355786485996]
[362, 253, 159.78949797953962]
[361, 253, 1.8672326430215769]
[360, 253, 125.32901158503984]
[359, 252, 117.7755102483588]
[358, 251, 55.23859053829977]
[357, 252, 60.59102817449386]
[356, 251, 9.79599133095016]
[355, 250, 36.09505936124096]
[354, 249, 53.13382947853451]
[353, 248, 10.413888489935575]
[352, 247, 53.02219981814654]
[351, 248, 67.0849909771008]
[350, 248, 53.56214588947211]
[349, 247, 356.36274682705636]
[348, 248, 4.346020314214993]
[347, 249, 63.064666387214864]
[346, 250, 2.52903744275762]
[345, 250, 6.817059423421535]
[344, 250, 117.58307071495649]
[343, 249, 35.389583205406915]
[342, 248, 70.3526134303134]
[341, 247, 37.91357704046677]
[340, 248, 27.26191879353418]
[339, 249, 44.85958899966924]
[338, 248, 114.52861577790635]
[337, 248, 70.0730023146603]
[336, 248, 43.23203523784952]
[335, 248, 119.7064551893776]
[334, 247, 126.11293335551893]
[333, 248, 14.430815971663957]
[332, 247, 1.8230337134726993]
[331, 246, 434.1671104765528]
[330, 245, 89.70229399344348]
[329, 245, 33.17396150208762]
[328, 244, 1.6526762259032601]
[327, 243, 84.05214078457374]
[326, 242, 20.162289141762603]
[325, 241, 218.31992554172675]
[324, 241, 93.261523583341]
[323, 240, 22.039391863296174]
[322, 239, 25.44647391991839]
[321, 238, 348.1153137175596]
[320, 238, 54.52715617215254]
[319, 237, 7.47154270568412]
[318, 236, 14.425458356438881]
[317, 236, 199.2056781220136]
[316, 235, 273.20116227802936]
[315, 234, 18.46287116081968]
[314, 234, 107.69009437642951]
[313, 233, 74.86011933785814]
[312, 233, 99.22940259322132]
[311, 232, 88.83702935532544]
[310, 231, 125.44194392957914]
[309, 231, 94.31162356850193]
[308, 232, 144.9606909690242]
[307, 231, 149.0244986533269]
[306, 231, 176.55220635887508]
[305, 232, 82.60164647361113]
[304, 231, 2.1910136819043857]
[303, 230, 54.27030240172886]
[302, 229, 49.24258027792222]
[301, 229, 12.9658972032623]
[300, 228, 204.120130626055]
[299, 229, 9.811374664694949]
[298, 228, 70.8554737144354]
[297, 227, 155.70988282331666]
[296, 226, 47.79810503531273]
[295, 227, 319.5659027829296]
[294, 226, 5.002122820417732]
[293, 227, 163.40043710679615]
[292, 228, 16.924996434327046]
[291, 229, 69.24520442027942]
[290, 229, 72.03542571544664]
[289, 228, 80.88162327939801]
[288, 227, 41.652478174352694]
[287, 228, 73.98122470621765]
[286, 227, 57.02809421463567]
[285, 228, 34.27936573182172]
[284, 227, 106.48012053965094]
[283, 226, 2.6369868119943685]
[282, 227, 98.28187750436679]
[281, 227, 149.17065211873953]
[280, 227, 12.825212566030919]
[279, 227, 132.51989735160402]
[278, 228, 86.75542829307109]
[277, 227, 124.12522501153883]
[276, 228, 11.089529326620884]
[275, 227, 36.11020447721624]
[274, 227, 188.0384621304077]
[273, 228, 201.9757883264333]
[272, 229, 8.359481759890208]
[271, 229, 19.705905929850164]
[270, 229, 132.0035882587675]
[269, 228, 86.43075169097774]
[268, 229, 36.027727934898834]
[267, 229, 120.28582798137205]
[266, 228, 153.24283724443006]
[265, 229, 6.166705998805866]
[264, 229, 58.761684007921474]
[263, 229, 319.6950302770502]
[262, 228, 114.79638142221066]
[261, 228, 15.923236850163446]
[260, 229, 238.2116533096596]
[259, 230, 221.2238915632614]
[258, 231, 2.149356855219331]
[257, 232, 110.00534948417268]
[256, 233, 77.40500725281602]
[255, 233, 82.82956249321704]
[254, 232, 157.44804813707725]
[253, 231, 16.34291708604624]
[252, 231, 113.38040259188136]
[251, 232, 59.462428422020984]
[250, 232, 59.56679469857112]
[249, 231, 44.96565595239971]
[248, 231, 1.808868040981848]
[247, 230, 289.4942981203382]
[246, 229, 41.77775521709037]
[245, 230, 113.1620206978799]
[244, 230, 73.20648380223632]
[243, 230, 159.27616096719993]
[242, 229, 5.543197266606459]
[241, 229, 32.225208179305184]
[240, 229, 6.041632870132929]
[239, 228, 23.045361315485124]
[238, 227, 320.69498599764773]
[237, 226, 97.52245211202882]
[236, 226, 83.53578876713108]
[235, 226, 10.357679185668712]
[234, 227, 253.2439452299603]
[233, 227, 195.146917005318]
[232, 228, 37.78701289696268]
[231, 228, 29.029436772754323]
[230, 229, 29.605732112525317]
[229, 230, 127.08699038029737]
[228, 229, 18.156970048050447]
[227, 228, 112.52412837150982]
[226, 227, 47.05876439361539]
[225, 227, 164.44020367423528]
[224, 227, 63.392681309310476]
[223, 227, 25.009711543563906]
[222, 226, 162.2020659657175]
[221, 225, 189.02231481278764]
[220, 224, 87.1924678873312]
[219, 225, 68.0084769219757]
[218, 224, 43.78960328031162]
[217, 223, 49.879205306872954]
[216, 222, 15.977703462295711]
[215, 221, 25.1452563809596]
[214, 220, 202.62965115163755]
[213, 219, 34.400931794010994]
[212, 218, 146.17093327435254]
[211, 217, 239.70821667309528]
[210, 216, 93.52789923524396]
[209, 217, 92.09080638033772]
[208, 217, 8.260385147454585]
[207, 217, 222.09521605379817]
[206, 216, 90.46495734070791]
[205, 216, 7.500274248031625]
[204, 216, 71.26153508288124]
[203, 217, 13.545700219690094]
[202, 217, 187.73723235809408]
[201, 218, 14.655331756828039]
[200, 219, 112.04701989047206]
[199, 220, 18.27319614116696]
[198, 220, 11.24945699820018]
[197, 221, 118.50731066429377]
[196, 221, 33.57055297767769]
[195, 220, 25.14287073801763]
[194, 221, 51.08217394792547]
[193, 220, 48.83442079728811]
[192, 221, 23.463138453804543]
[191, 220, 148.8084340404507]
[190, 219, 25.36841710729498]
[189, 220, 42.2287431988847]
[188, 219, 231.04298972099423]
[187, 218, 91.85368775276581]
[186, 218, 97.70159447321575]
[185, 218, 29.224892575187013]
[184, 218, 59.35679189322585]
[183, 218, 40.932129939556525]
[182, 218, 54.890860424442636]
[181, 218, 104.98442171268147]
[180, 218, 268.7337704572963]
[179, 218, 19.88952077180761]
[178, 217, 102.07890878616848]
[177, 216, 116.63928725720551]
[176, 215, 122.50780531181992]
[175, 215, 73.31058187026579]
[174, 214, 103.17887040207025]
[173, 213, 89.77702993016085]
[172, 213, 47.06381685922712]
[171, 214, 2.6732348511237514]
[170, 214, 51.978080511569544]
[169, 214, 183.30361351500918]
[168, 215, 298.56352899449445]
[167, 216, 12.04938889619067]
[166, 217, 92.10690994966986]
[165, 218, 142.02707882098048]
[164, 219, 48.21215901330267]
[163, 219, 27.939006353468464]
[162, 220, 6.154550955688231]
[161, 219, 211.51405449218214]
[160, 218, 58.02959968693111]
[159, 217, 5.323179012727497]
[158, 218, 97.87444747813734]
[157, 219, 36.09052665936202]
[156, 218, 40.48960560358344]
[155, 217, 102.39258446398824]
[154, 217, 47.58121165715035]
[153, 216, 21.06854929687585]
[152, 216, 130.21563601143865]
[151, 217, 240.88342079080283]
[150, 218, 66.26234336679559]
[149, 219, 164.44061178472157]
[148, 220, 25.43756901609551]
[147, 221, 91.518217081213]
[146, 222, 117.01932647872532]
[145, 223, 182.7234985641603]
[144, 223, 50.513227621515945]
[143, 222, 66.53983752860037]
[142, 223, 119.85731085047851]
[141, 222, 123.98321908262366]
[140, 221, 12.051434115844861]
[139, 221, 8.665151501708657]
[138, 222, 22.631622087629978]
[137, 222, 285.3129443651467]
[136, 221, 7.612047297047731]
[135, 220, 11.101926350196079]
[134, 220, 182.55251737498114]
[133, 219, 5.475206912022356]
[132, 218, 39.03780006105562]
[131, 218, 97.75855328735334]
[130, 217, 75.87625093422062]
[129, 218, 63.835091971052584]
[128, 219, 82.09695545127349]
[127, 219, 114.77251951883055]
[126, 220, 164.62476100544322]
[125, 221, 215.7857964221152]
[124, 220, 3.9161119175908365]
[123, 220, 146.8306345165256]
[122, 221, 167.39351172053145]
[121, 222, 60.55101317668743]
[120, 221, 45.59220694023164]
[119, 221, 21.103438512968033]
[118, 220, 37.30450646366784]
[117, 220, 14.843497353651925]
[116, 221, 245.14826658400906]
[115, 222, 22.56874883180393]
[114, 223, 214.0947144265635]
[113, 222, 129.87976272540885]
[112, 221, 15.378870100726417]
[111, 222, 22.020075731622903]
[110, 223, 30.90910842713207]
[109, 224, 8.218982185109914]
[108, 224, 31.59076975532482]
[107, 225, 314.52462962448146]
[106, 226, 30.395943219887588]
[105, 226, 24.60984682398848]
[104, 227, 51.809246042842425]
[103, 226, 127.02909844083388]
[102, 226, 87.86458884007835]
[101, 227, 114.73368548966644]
[100, 226, 118.43608708649778]
[99, 225, 101.09605774867974]
[98, 225, 93.50971446572376]
[97, 224, 97.83125340446853]
[96, 223, 19.290405680871814]
[95, 223, 111.15282343496952]
[94, 223, 6.87999243982218]
[93, 224, 49.755751642674596]
[92, 224, 102.5035538139843]
[91, 223, 24.028769472821676]
[90, 222, 76.08884750544803]
[89, 223, 13.643391384303483]
[88, 223, 46.60829421614893]
[87, 222, 74.82863005834595]
[86, 223, 126.11680841694478]
[85, 223, 84.01624725935069]
[84, 223, 51.63936149711162]
[83, 223, 132.97015096155323]
[82, 222, 193.18104197407743]
[81, 221, 34.584277774924566]
[80, 221, 156.65094705948152]
[79, 220, 110.98182769128768]
[78, 219, 125.45517248539161]
[77, 220, 156.52768927376982]
[76, 219, 19.989734598889974]
[75, 218, 184.04513604347196]
[74, 217, 4.153059371952706]
[73, 217, 105.97794526319998]
[72, 218, 48.96139255110854]
[71, 219, 70.18977199344062]
[70, 219, 59.62982105909115]
[69, 220, 27.523826587836254]
[68, 221, 94.67432430385885]
[67, 221, 43.028549657612935]
[66, 220, 237.95510036411955]
[65, 219, 66.12018228254374]
[64, 219, 52.352352611284125]
[63, 219, 58.00086971753804]
[62, 218, 69.91137588848767]
[61, 219, 27.52806042313344]
[60, 220, 479.0978388262772]
[59, 221, 43.922009413256916]
[58, 222, 50.96728825252872]
[57, 222, 23.454456436919237]
[56, 223, 149.7680853451407]
[55, 224, 16.890873869653156]
[54, 224, 38.38233432078392]
[53, 225, 78.86969044448905]
[52, 225, 44.07038949817449]
[51, 226, 140.38404156817418]
[50, 226, 41.25639606593873]
[49, 225, 7.979692161280139]
[48, 225, 152.11568371619066]
[47, 224, 151.9243404043082]
[46, 223, 32.936547218439024]
[45, 224, 56.37954053145228]
[44, 223, 26.82518511220572]
[43, 222, 313.362417238839]
[42, 223, 168.3070101039934]
[41, 224, 69.82902193643042]
[40, 224, 17.10442398387457]
[39, 225, 25.663184655533634]
[38, 226, 53.1259998473152]
[37, 225, 167.55728762766475]
[36, 224, 20.088452194761686]
[35, 223, 135.89712853661683]
[34, 222, 137.61326956610654]
[33, 222, 26.455793552861927]
[32, 221, 121.49902157343806]
[31, 221, 45.14011928835171]
[30, 220, 31.814243572748257]
[29, 221, 79.53606037471272]
[28, 222, 52.07379405586304]
[27, 223, 23.321954238418318]
[26, 222, 32.19641636950982]
[25, 221, 40.62818007451824]
[24, 222, 26.068840386487825]
[23, 222, 69.39791984728649]
[22, 221, 153.49357067319096]
[21, 220, 0.3952597672213787]
[20, 219, 111.54175176927438]
[19, 220, 12.685815947187319]
[18, 221, 55.072999465869856]
[17, 220, 83.14388050922628]
[16, 219, 104.09270087419075]
[15, 218, 65.27963374731365]
[14, 219, 85.66898850226828]
[13, 220, 186.9221173840016]
[12, 220, 32.025198521000384]
[11, 219, 26.265666118533204]
[10, 218, 55.05957309599246]
[9, 219, 94.3245922848363]
[8, 219, 71.86805566538418]
[7, 218, 107.51072068694472]
[6, 218, 110.09519907027816]
[5, 217, 110.77324140332534]
[4, 218, 107.88611705252742]
[3, 219, 27.279539332892288]
[2, 218, 188.9236647514123]
[1, 217, 30.07986311580657]
[0, 217, 105.16549780112722]
